8
2 9
1 3 10 19
2 4 11 12
3 5 11 12 19
4 13
13 14 28
14 15
0 9
1 8 10 17 18 25
2 9 18 11 19 17 25
3 4 12 19 10
3 4 11 13 19 20 37 27
5 6 12 14 21 28
6 7 13 15 22
7 14 22
17 24
9 16 18 25 10
10 17 19 26 27 9 25 35
12 18 20 26 27 11 10 2 4 35
12 19 21 28 35
13 20 22 29 30 37 28
14 15 21 23 29 30 37
22 31
16 25
17 24 26 33 9 10 18
18 19 25 27 35
18 19 26 28 37 34 12 35 33
20 27 36 21 13 6
21 22 30 37
21 22 29 31 37 38
23 30
33 40
25 32 34 27
35 42 43 27 33
27 34 36 42 43 20 19 18 26
28 35 37 44
21 22 29 30 36 38 44 45 27 12 43
30 37 39 46
38 47
32 41
40
34 35 43
34 35 42 44 37
36 37 43 45
37 44 46
38 45 47
39 46