15 378 951 2083 2452 2725 2734 3108 3240 3597 4809 4900 5090 5530 6105 7237 
15 378 1334 2452 3165 3240 3544 3597 4754 4809 4900 5090 6108 6391 6792 7237 
15 406 763 951 1334 1348 2029 3240 3544 3597 4809 4900 5090 6108 7075 7237 
15 406 763 951 1334 1555 2083 2734 3108 3240 3397 3544 3597 4809 6105 7237 
15 406 763 951 1334 1555 2083 2734 3108 3240 3397 3544 3597 5124 6105 7237 
15 406 763 951 1334 1555 2083 2734 3108 3240 3397 3544 4809 5090 6105 7237 
15 406 763 951 1334 1555 2083 2734 3108 3240 3397 3544 5090 5124 6105 7237 
15 406 763 951 1334 1555 2083 2734 3108 3240 3597 4809 5530 5769 6789 7237 
15 406 763 951 1334 1555 2083 2734 3108 3240 3597 4809 5530 6105 6789 7237 
15 406 763 951 1334 1555 2083 2734 3108 3240 4809 5090 5530 6105 6789 7237 
15 406 763 951 1334 1555 2083 3108 3240 3397 3544 3597 4086 4809 6105 7237 
15 406 763 951 1334 1555 2083 3108 3240 3397 3544 3597 4086 5124 6105 7237 
15 406 763 951 1334 1555 2083 3108 3240 3397 3544 4086 4809 5090 6105 7237 
15 406 763 951 1334 1555 2083 3108 3240 3397 3544 4086 5090 5124 6105 7237 
15 406 763 951 1334 1555 3108 3240 3544 3597 3961 4086 4809 6105 6789 7237 
15 406 763 951 1334 1555 3108 3240 3544 3961 4086 4809 5090 6105 6789 7237 
15 406 763 951 1334 2083 2452 2734 3240 3397 3544 3597 4809 5090 6105 7237 
15 406 763 951 1334 2083 2452 2734 3240 3397 3597 4809 5090 5530 6105 7237 
15 406 763 951 1334 2083 2452 3240 3397 3544 3597 4809 5090 6105 6108 7237 
15 406 763 951 1334 2083 2725 2734 3108 3597 4809 5090 5530 6105 6789 7237 
15 406 763 951 1334 2083 2725 2734 3240 3597 4809 5090 5530 6105 6789 7237 
15 406 763 951 1334 2083 2734 3108 3240 3397 3597 4809 5090 5530 6105 7237 
15 406 763 951 1334 2083 2734 3108 3240 3544 3597 4809 5090 6105 6789 7237 
15 406 763 951 1334 2083 2734 3108 3240 3544 3597 5090 5124 6105 6789 7237 
15 406 763 951 1334 2083 2734 3108 3240 3597 4809 5090 5530 6105 6789 7237 
15 406 763 951 1334 2725 2734 3108 3240 3597 4809 5090 5530 6105 6789 7237 
15 406 763 951 2083 2452 2725 2734 3240 3397 3597 4809 5090 5530 6105 7237 
15 406 763 951 2083 2725 2734 3108 3240 3597 4809 5090 5530 6105 6789 7237 
15 406 763 1334 1555 2083 3108 3240 3397 3544 4086 4809 5090 5124 6105 7237 
15 406 763 1334 1555 2083 3108 3240 3544 3597 4086 4809 5124 6105 6789 7237 
15 406 763 1334 1555 2083 3108 3240 3544 4086 4809 5090 5124 6105 6789 7237 
15 406 763 1334 2083 2734 3108 3240 3397 3544 3597 4809 5090 5124 6105 7237 
15 406 763 1334 2083 2734 3108 3240 3544 3597 4809 5090 5124 6105 6789 7237 
15 406 763 1334 2083 3108 3240 3544 3597 4086 4809 5090 5124 6105 6789 7237 
15 406 951 1334 2083 2725 2734 3108 3240 3597 4809 5090 5530 6105 6789 7237 
15 763 951 1334 2083 2452 2725 2734 3108 3240 3597 4809 5090 5530 6105 7237 
15 763 951 1334 2083 2452 2725 2734 3108 3240 3597 4900 5090 5530 6105 7237 
15 763 951 1334 2083 2452 2725 2734 3108 3240 4809 4900 5090 5530 6105 7237 
15 763 951 1334 2083 2452 2725 2734 3108 3597 4809 4900 5090 5530 6105 7237 
15 763 951 1334 2083 2452 2725 2734 3240 3597 4809 4900 5090 5530 6105 7237 
15 763 951 1334 2083 2452 2725 2734 3240 3597 4809 4900 5090 6105 6792 7237 
15 763 951 1334 2083 2452 2725 2734 3240 3597 4809 4900 5090 6391 6792 7237 
15 763 951 1334 2083 2452 2725 3108 3240 3597 4809 4900 5090 5530 6105 7237 
15 763 951 1334 2083 2452 2734 3108 3240 3597 4809 4900 5090 5530 6105 7237 
15 763 951 1334 2083 2452 2734 3165 3240 3397 3597 4809 4900 5090 5530 7237 
15 763 951 1334 2083 2452 2734 3165 3240 3397 3597 4809 5090 5530 6105 7237 
15 763 951 1334 2083 2452 2734 3240 3597 4754 4809 4900 5090 6391 6792 7237 
15 763 951 1334 2083 2452 2734 3544 3597 4754 4809 4900 5090 6391 6792 7237 
15 763 951 1334 2083 2452 3108 3240 3544 3597 4809 4900 5090 6105 6108 7237 
15 763 951 1334 2083 2452 3108 3240 3544 3597 4809 4900 5090 6108 6391 7237 
15 763 951 1334 2083 2452 3240 3544 3597 4754 4809 4900 5090 6108 6391 7237 
15 763 951 1334 2083 2452 3240 3544 3597 4754 4809 4900 5090 6391 6792 7237 
15 763 951 1334 2083 2734 3108 3240 3397 3544 3597 4809 5090 5556 6105 7237 
15 763 951 1334 2083 2734 3108 3240 3544 3597 4754 4809 4900 5090 6391 7237 
15 763 951 1334 2083 2734 3108 3240 3544 3597 4754 4809 4900 5090 6891 7237 
15 763 951 1334 2083 2734 3240 3544 3597 4754 4809 4900 5090 6391 6792 7237 
15 763 951 1334 2083 3108 3240 3397 3544 3597 4086 4809 5090 5556 6105 7237 
15 763 951 1334 2083 3108 3240 3544 3597 4754 4809 4900 5090 6108 6391 7237 
15 763 951 1334 2083 3108 3240 3544 3597 4754 4809 4900 5090 6108 6891 7237 
15 763 951 1334 2452 2725 2734 3108 3240 3597 4809 4900 5090 5530 6105 7237 
15 763 951 1334 2452 3165 3240 3397 3544 3597 4809 5090 6105 6108 6792 7237 
16 763 951 1334 2452 3165 3240 3544 3597 4754 4809 4900 5090 6108 6391 6792 7237 
15 763 951 1334 2452 3165 3240 3544 3597 4809 4900 5090 6105 6108 6792 7237 
15 763 951 1334 2734 3108 3240 3597 4754 4809 4900 5090 6108 6391 6792 7237 
15 763 951 1334 2734 3165 3240 3597 4754 4809 4900 5090 6108 6391 6792 7237 
15 763 951 1334 3108 3240 3544 3597 3961 4086 4809 5090 6105 6108 6891 7237 
15 763 951 1334 3108 3240 3544 3597 4754 4809 4900 5090 6108 6391 6792 7237 
15 763 951 2083 2452 2725 2734 3108 3240 3597 4809 4900 5090 5530 6105 7237 
15 763 951 2083 2452 2734 3240 3544 3597 4754 4809 4900 5090 6391 6792 7237 
15 763 951 2452 2734 3165 3240 3597 4754 4809 4900 5090 6108 6391 6792 7237 
15 763 1334 2083 2452 2725 2734 3108 3240 3597 4809 4900 5090 5530 6105 7237 
15 763 1334 2083 2452 2734 3240 3544 3597 4754 4809 4900 5090 6391 6792 7237 
