31 1 208 58 157 57 47 40 33 30 23 20 12 11 10 9 8 4 0 73 61 21 18 5 173 31 24 122 53 27 50 19 
31 1 105 27 58 57 50 44 40 30 24 23 20 19 18 12 11 10 9 8 5 4 3 2 0 157 53 47 73 38 56 21 
31 1 61 3 73 58 57 50 47 40 33 30 24 23 20 19 18 12 11 10 9 8 4 2 0 157 44 38 27 21 5 173 
30 1 61 173 73 58 57 50 47 40 33 30 24 23 20 19 18 12 11 10 9 8 4 2 0 157 38 27 21 44 5 
30 1 304 27 58 57 53 50 48 44 40 33 30 24 23 20 19 18 12 11 10 9 8 5 4 3 2 47 38 56 21 
30 1 38 27 58 57 50 48 47 44 40 33 30 24 23 20 19 18 12 11 10 9 8 5 4 3 2 0 73 53 21 
30 1 173 48 157 58 57 50 40 33 30 23 20 19 18 12 11 10 9 8 4 2 0 73 47 24 21 90 56 27 3 
31 1 27 21 157 58 57 50 48 44 40 33 30 24 23 20 19 18 12 11 10 9 8 5 4 3 2 0 53 47 73 56 
30 1 27 24 157 58 57 50 48 44 40 33 30 23 20 19 18 12 11 10 9 8 5 4 3 2 0 53 47 73 56 
31 1 43 48 157 58 57 50 40 33 30 23 21 20 19 12 11 10 9 8 4 3 2 0 73 47 147 53 44 5 90 122 
30 1 56 73 157 58 57 50 48 44 40 33 30 24 23 21 20 19 12 11 10 9 8 4 3 2 0 18 5 147 53 
32 1 107 5 147 157 57 50 40 30 21 20 19 12 11 10 9 8 4 3 2 0 33 122 73 53 44 43 56 58 23 105 90 
31 1 107 5 90 157 57 50 40 30 21 20 19 12 11 10 9 8 4 3 2 0 33 122 105 73 43 56 58 23 53 44 
31 1 107 24 122 157 57 50 40 30 21 20 19 12 11 10 9 8 4 3 2 0 147 33 105 73 53 58 23 56 44 90 
31 1 107 18 43 157 57 50 40 30 21 20 19 12 11 10 9 8 4 3 2 0 49 33 90 73 53 44 58 122 105 56 
31 1 107 47 49 157 57 50 43 40 30 21 20 19 12 11 10 9 8 4 3 2 0 122 73 33 90 44 70 53 147 58 
31 1 107 23 58 157 57 50 40 30 21 20 19 12 11 10 9 8 4 3 2 0 147 33 122 90 73 53 44 43 105 56 
31 1 107 58 56 157 57 50 49 40 33 21 20 19 12 11 10 9 8 4 3 2 0 147 30 90 53 44 140 43 122 73 
31 1 140 47 23 157 57 50 40 21 20 19 12 11 10 9 8 4 3 2 0 58 43 33 122 90 53 48 44 70 30 49 
31 1 140 73 53 157 57 50 40 21 20 19 12 11 10 9 8 4 3 2 0 58 49 43 33 122 48 44 30 90 23 70 
31 1 31 43 44 157 58 57 50 40 33 30 21 20 19 12 11 10 9 8 4 0 73 47 23 53 5 49 2 122 18 90 
31 1 31 56 44 157 58 57 50 40 33 30 21 20 19 18 12 11 10 9 8 4 0 23 53 49 5 2 73 47 173 90 
31 1 31 24 3 157 58 57 50 47 40 33 30 23 21 20 19 12 11 10 9 8 4 0 73 18 5 53 2 122 61 173 
31 1 31 3 173 157 58 57 50 40 33 30 21 20 19 12 11 10 9 8 4 0 122 73 47 23 18 90 49 2 53 5 
31 1 15 8 40 304 58 57 56 50 48 33 21 20 19 12 11 10 9 4 3 2 53 49 44 18 140 90 24 157 0 147 
31 1 130 48 107 15 73 157 57 50 49 21 20 19 12 11 10 9 3 2 0 147 90 44 33 70 4 58 43 30 140 56 
31 1 130 8 4 40 70 157 57 50 49 43 21 20 19 12 11 10 9 3 2 0 147 122 107 90 73 30 44 140 33 58 
31 1 130 48 107 15 8 30 157 57 50 49 21 20 19 12 11 10 9 3 2 0 147 90 44 33 56 70 4 140 58 43 
31 1 130 48 107 15 40 30 157 57 50 49 21 20 19 12 11 10 9 3 2 0 147 90 44 33 56 70 4 140 58 43 
31 1 130 8 4 40 56 73 157 57 50 49 33 21 20 19 12 11 10 9 3 2 0 147 107 90 58 30 44 43 122 140 
31 1 208 2 31 27 122 24 18 21 157 57 47 40 33 30 23 20 12 11 10 9 8 4 0 73 61 5 173 53 58 50 
31 1 130 48 43 56 70 73 15 40 157 57 50 49 21 20 19 12 11 10 9 3 2 0 147 90 44 58 33 4 30 140 
31 1 130 8 4 40 56 70 58 122 157 57 50 49 21 20 19 12 11 10 9 3 2 0 147 90 30 140 107 43 33 44 
31 1 130 48 43 56 70 73 15 8 140 157 57 50 49 21 20 19 12 11 10 9 3 2 0 90 44 147 58 33 4 30 
31 1 130 53 73 56 140 90 44 122 8 157 57 50 49 33 21 20 19 12 11 10 9 3 2 0 107 58 147 43 40 30 
31 1 15 23 49 24 90 58 57 56 50 48 33 21 20 19 12 11 10 9 4 3 2 157 18 0 147 304 53 44 40 8 
31 1 15 30 140 24 90 58 57 56 50 48 33 21 20 19 12 11 10 9 4 3 2 157 0 304 53 49 44 40 8 147 
31 1 15 30 8 40 304 58 57 56 50 48 33 21 20 19 12 11 10 9 4 3 2 53 49 44 18 24 90 157 0 147 
31 1 208 2 31 27 122 24 18 19 21 58 157 57 47 40 33 30 23 20 12 11 10 9 8 4 0 73 61 5 173 53 
31 1 130 48 107 43 56 70 58 73 140 8 157 57 50 49 21 20 19 12 11 10 9 3 2 0 90 44 147 40 33 30 
31 1 130 53 73 56 140 90 44 122 4 30 157 57 50 49 33 21 20 19 12 11 10 9 3 2 0 107 58 147 43 40 
31 1 130 8 4 40 56 70 58 73 140 30 157 57 50 49 21 20 19 12 11 10 9 3 2 0 90 44 147 107 43 33 
31 1 15 23 140 24 49 90 58 57 56 50 48 33 21 20 19 12 11 10 9 4 3 2 157 0 304 53 44 40 8 147 
31 1 15 30 140 24 18 90 58 57 56 50 48 33 21 20 19 12 11 10 9 4 3 2 157 0 304 53 49 44 40 8 
31 1 208 2 31 27 122 24 18 19 21 50 53 157 57 47 40 33 30 23 20 12 11 10 9 8 4 0 5 73 61 173 
31 1 130 48 107 122 56 70 58 44 73 140 8 157 57 50 49 21 20 19 12 11 10 9 3 2 0 147 90 40 33 30 
31 1 130 48 107 43 56 70 58 73 140 4 30 157 57 50 49 21 20 19 12 11 10 9 3 2 0 90 44 147 40 33 
31 1 15 73 140 18 147 43 53 157 57 50 49 21 20 19 12 11 10 9 4 3 2 0 58 44 33 48 40 8 90 70 
31 1 15 23 140 24 49 18 90 58 57 56 50 48 33 21 20 19 12 11 10 9 4 3 2 157 0 304 53 44 40 8 
31 1 15 23 140 18 147 304 0 58 57 56 50 48 33 21 20 19 12 11 10 9 4 3 2 53 44 90 157 49 40 8 
31 1 15 23 140 18 147 43 8 157 57 50 21 20 19 12 11 10 9 4 3 2 0 58 44 33 90 53 70 49 48 40 
31 1 15 30 140 18 147 304 0 58 57 56 50 49 48 33 21 20 19 12 11 10 9 4 3 2 53 44 90 157 40 8 
31 1 15 30 140 18 147 43 8 157 57 50 49 21 20 19 12 11 10 9 4 3 2 0 58 44 33 90 53 70 48 40 
31 1 62 105 61 53 3 58 57 47 44 40 38 30 24 23 20 19 18 11 10 9 8 5 4 2 0 27 21 73 50 12 
31 1 31 24 90 3 157 73 58 57 50 47 40 33 30 23 21 20 19 12 11 10 9 8 4 0 18 2 173 122 5 61 
31 1 31 3 44 90 157 58 57 50 40 33 30 21 20 19 12 11 10 9 8 4 0 73 47 23 18 49 2 122 53 5 
31 1 130 48 107 15 8 73 56 43 70 58 140 4 157 57 50 49 21 20 19 12 11 10 9 3 2 0 90 44 147 33 
31 1 130 48 107 15 40 73 56 43 70 58 140 4 157 57 50 49 21 20 19 12 11 10 9 3 2 0 90 44 147 33 
31 1 130 48 107 122 56 70 58 44 73 140 4 30 157 57 50 49 21 20 19 12 11 10 9 3 2 0 147 90 40 33 
31 1 130 53 73 56 140 90 44 122 4 8 30 43 157 57 50 49 33 21 20 19 12 11 10 9 3 2 0 107 58 147 
31 1 15 23 140 18 147 43 56 8 157 58 57 50 33 21 20 19 12 11 10 9 4 3 2 0 53 44 90 49 48 40 
31 1 15 23 30 49 24 90 53 40 58 57 56 50 48 33 21 20 19 12 11 10 9 4 3 2 157 18 0 147 304 44 
31 1 15 30 140 18 147 43 56 8 157 58 57 50 49 33 21 20 19 12 11 10 9 4 3 2 0 53 44 90 48 40 
31 1 31 24 90 53 3 157 58 57 50 47 40 33 30 23 21 20 19 12 11 10 9 8 4 0 18 73 2 122 5 173 
31 1 31 27 122 3 157 58 57 50 47 40 33 30 23 20 19 12 11 10 9 8 4 0 73 5 53 21 18 2 61 173 
31 1 31 38 122 3 58 57 50 47 40 33 30 23 21 20 19 12 11 10 9 8 4 0 73 5 53 157 18 2 61 173 
31 1 31 48 173 53 157 58 57 50 40 33 30 21 20 19 12 11 10 9 8 4 0 47 23 18 49 73 2 122 90 5 
31 1 31 48 122 3 157 58 57 50 40 33 30 21 20 19 12 11 10 9 8 4 0 73 47 23 90 53 5 49 18 2 
31 1 15 73 140 18 147 43 56 70 8 157 57 50 49 21 20 19 12 11 10 9 4 3 2 0 90 44 58 48 40 33 
31 1 15 73 53 70 90 24 43 18 30 157 57 50 21 20 19 12 11 10 9 4 3 2 0 147 58 49 48 44 40 33 
31 1 15 23 140 18 147 43 56 70 8 157 57 50 21 20 19 12 11 10 9 4 3 2 0 90 44 58 49 48 40 33 
31 1 15 23 30 49 24 90 53 8 44 58 57 56 50 48 33 21 20 19 12 11 10 9 4 3 2 157 18 0 147 304 
31 1 15 30 140 18 147 43 56 70 8 157 57 50 49 21 20 19 12 11 10 9 4 3 2 0 90 44 58 48 40 33 
31 1 62 105 33 61 53 3 50 58 57 47 44 40 38 30 24 23 20 19 18 11 10 9 8 5 4 2 0 27 21 73 
31 1 62 105 61 53 157 3 38 58 57 47 44 40 30 24 23 20 19 18 11 10 9 8 5 4 2 0 27 21 73 50 
31 1 31 24 44 122 173 53 157 58 57 50 47 40 33 30 23 21 20 19 12 11 10 9 8 4 0 73 61 18 5 2 
31 1 31 27 122 38 157 58 57 50 47 40 33 30 23 20 19 12 11 10 9 8 4 0 73 61 5 173 53 21 18 2 
31 1 31 27 122 24 2 157 58 57 50 47 40 33 30 23 20 19 12 11 10 9 8 4 0 73 61 5 173 53 21 18 
31 1 31 38 122 24 2 58 57 50 47 40 33 30 23 21 20 19 12 11 10 9 8 4 0 73 61 5 173 53 157 18 
31 1 31 48 173 3 5 157 73 58 57 50 40 33 30 21 20 19 12 11 10 9 8 4 0 47 23 18 90 2 122 49 
31 1 130 48 107 43 56 70 58 73 140 4 8 30 33 147 157 57 50 49 21 20 19 12 11 10 9 3 2 0 90 44 
31 1 130 8 4 40 56 70 58 73 140 122 44 30 33 90 157 57 50 49 21 20 19 12 11 10 9 3 2 0 147 107 
31 1 15 73 53 70 90 24 43 18 8 33 157 57 50 21 20 19 12 11 10 9 4 3 2 0 147 58 49 48 44 40 
31 1 15 23 49 24 43 90 18 53 70 8 157 57 50 21 20 19 12 11 10 9 4 3 2 0 147 58 48 44 40 33 
31 1 62 105 33 61 53 3 12 73 58 57 47 44 40 38 30 24 23 20 19 18 11 10 9 8 5 4 2 0 27 21 
31 1 31 27 122 44 173 53 157 58 57 50 47 40 33 30 23 20 19 12 11 10 9 8 4 0 73 61 21 18 5 2 
31 1 31 38 122 44 173 53 58 57 50 47 40 33 30 23 21 20 19 12 11 10 9 8 4 0 157 73 61 18 5 2 
31 1 31 48 173 3 53 90 157 58 57 50 40 33 30 21 20 19 12 11 10 9 8 4 0 47 23 18 49 73 2 122 
31 1 31 48 173 24 122 5 157 58 57 50 47 40 33 30 23 21 20 19 12 11 10 9 8 4 0 73 18 2 53 90 
31 1 130 48 107 122 56 70 58 44 73 140 4 8 30 33 90 157 57 50 49 21 20 19 12 11 10 9 3 2 0 147 
31 1 15 47 147 49 24 43 18 90 53 70 30 157 57 50 21 20 19 12 11 10 9 4 3 2 0 58 48 44 40 33 
31 1 15 73 23 53 70 90 24 49 43 18 33 157 57 50 21 20 19 12 11 10 9 4 3 2 0 147 58 48 44 40 
31 1 15 23 30 49 24 43 90 18 53 70 33 157 57 50 21 20 19 12 11 10 9 4 3 2 0 147 58 48 44 40 
31 1 15 30 8 40 43 24 90 18 53 70 33 157 57 50 21 20 19 12 11 10 9 4 3 2 0 147 58 49 48 44 
31 1 62 105 33 61 53 157 3 38 73 58 57 47 44 40 30 24 23 20 19 18 11 10 9 8 5 4 2 0 27 21 
31 1 62 105 61 53 157 3 12 38 73 58 57 47 44 40 30 24 23 20 19 18 11 10 9 8 5 4 2 0 27 21 
31 1 31 3 44 173 53 61 49 122 157 58 57 50 40 33 30 21 20 19 12 11 10 9 8 4 0 73 47 23 18 2 
31 1 15 47 73 49 24 43 53 90 70 18 147 33 157 57 50 21 20 19 12 11 10 9 4 3 2 0 58 48 44 40 
31 1 15 47 147 49 23 24 43 18 90 53 70 33 157 57 50 21 20 19 12 11 10 9 4 3 2 0 58 48 44 40 
31 1 15 47 147 49 24 43 18 90 53 70 8 33 157 57 50 21 20 19 12 11 10 9 4 3 2 0 58 48 44 40 
31 1 15 73 53 70 90 24 43 18 8 30 33 44 157 57 50 21 20 19 12 11 10 9 4 3 2 0 147 58 49 48 
31 1 15 23 140 18 147 43 56 70 53 90 8 40 157 57 50 21 20 19 12 11 10 9 4 3 2 0 58 49 48 44 
31 1 15 30 140 18 147 43 56 70 53 90 8 40 157 57 50 49 21 20 19 12 11 10 9 4 3 2 0 58 48 44 
31 1 31 43 173 5 157 58 57 50 40 33 30 21 20 19 12 11 10 9 8 4 0 122 73 47 23 2 90 18 53 49 
31 1 31 43 3 18 157 58 57 50 40 33 30 21 20 19 12 11 10 9 8 4 0 73 47 23 90 53 5 49 122 2 
31 1 31 105 61 53 157 58 57 50 47 40 30 23 21 20 19 12 11 10 9 8 4 0 18 5 122 73 33 2 173 24 
31 1 31 105 24 90 157 58 57 50 47 40 30 23 21 20 19 12 11 10 9 8 4 0 73 18 173 33 2 122 5 53 
31 1 15 73 23 53 70 90 24 49 43 18 8 33 44 157 57 50 21 20 19 12 11 10 9 4 3 2 0 147 58 48 
31 1 15 73 23 53 70 90 24 49 43 18 30 33 44 157 57 50 21 20 19 12 11 10 9 4 3 2 0 147 58 48 
31 1 15 23 30 49 24 43 90 18 53 70 8 33 44 157 57 50 21 20 19 12 11 10 9 4 3 2 0 147 58 48 
31 1 31 27 122 38 3 173 53 61 5 58 57 50 47 40 33 30 23 20 19 12 11 10 9 8 4 0 157 73 21 18 
31 1 31 27 122 24 3 173 53 61 5 157 58 57 50 47 40 33 30 23 20 19 12 11 10 9 8 4 0 73 21 18 
31 1 31 38 122 24 3 173 53 61 5 58 57 50 47 40 33 30 23 21 20 19 12 11 10 9 8 4 0 157 73 18 
31 1 31 56 48 173 5 49 47 157 58 57 50 40 33 30 21 20 19 18 12 11 10 9 8 4 0 23 2 90 73 53 
31 1 31 56 3 173 5 49 47 157 58 57 50 40 33 30 21 20 19 18 12 11 10 9 8 4 0 23 2 90 73 53 
31 1 31 43 173 3 53 157 58 57 50 40 33 30 21 20 19 12 11 10 9 8 4 0 122 47 23 49 90 73 2 18 
31 1 31 105 49 3 173 157 58 57 50 40 30 21 20 19 12 11 10 9 8 4 0 122 90 73 18 47 33 23 2 53 
31 1 31 105 61 90 24 157 73 58 57 50 47 40 30 23 21 20 19 12 11 10 9 8 4 0 173 18 33 2 122 5 
31 1 31 105 3 173 53 157 58 57 50 47 40 30 23 21 20 19 12 11 10 9 8 4 0 122 18 73 33 2 90 5 
31 1 15 47 73 49 23 24 43 53 90 70 18 147 33 44 157 57 50 21 20 19 12 11 10 9 4 3 2 0 58 48 
31 1 15 47 73 49 24 43 53 90 70 18 147 8 33 44 157 57 50 21 20 19 12 11 10 9 4 3 2 0 58 48 
31 1 15 47 73 49 24 43 53 90 70 18 147 30 33 44 157 57 50 21 20 19 12 11 10 9 4 3 2 0 58 48 
31 1 15 47 147 49 23 24 43 18 90 53 70 8 33 44 157 57 50 21 20 19 12 11 10 9 4 3 2 0 58 48 
31 1 15 47 147 49 23 24 43 18 90 53 70 30 33 44 157 57 50 21 20 19 12 11 10 9 4 3 2 0 58 48 
31 1 15 47 147 49 24 43 18 90 53 70 8 30 33 44 157 57 50 21 20 19 12 11 10 9 4 3 2 0 58 48 
31 1 31 56 122 48 173 5 49 53 157 58 57 50 40 33 30 21 20 19 12 11 10 9 8 4 0 23 18 2 90 73 
31 1 31 56 122 3 173 5 49 53 157 58 57 50 40 33 30 21 20 19 12 11 10 9 8 4 0 23 18 2 90 73 
31 1 31 48 122 44 90 5 49 53 3 157 58 57 50 40 33 30 21 20 19 12 11 10 9 8 4 0 73 47 23 18 
31 1 31 43 48 122 18 3 157 58 57 50 40 33 30 21 20 19 12 11 10 9 8 4 0 73 47 23 90 53 5 49 
31 1 31 105 61 3 90 173 157 73 58 57 50 47 40 30 23 21 20 19 12 11 10 9 8 4 0 122 18 33 2 5 
31 1 31 105 61 38 122 53 58 57 50 47 40 30 23 21 20 19 12 11 10 9 8 4 0 5 157 73 33 18 2 173 
31 1 31 105 61 27 122 53 157 58 57 50 47 40 30 23 20 19 12 11 10 9 8 4 0 5 73 33 21 18 2 173 
31 1 140